     0/599     4.63G    0.1077   0.04051   0.07519    0.2234        34       640         0         0 9.225e-05 1.396e-05   0.09094    0.0359   0.07177
     1/599      6.1G   0.09125   0.03866   0.06835    0.1983        56       640   0.01785  0.001046   0.01834  0.003563   0.07534   0.03423   0.06369
     2/599      6.1G   0.07965   0.03818   0.06084    0.1787        45       640   0.03611    0.0607   0.03797  0.009438   0.06114   0.03142   0.05586
     3/599      6.1G   0.06767   0.03235   0.05408    0.1541        38       640   0.03686    0.1789    0.0664   0.03134   0.05069   0.02384   0.05123
     4/599      6.1G    0.0606   0.02473   0.05071     0.136        31       640   0.04224    0.1545    0.0822   0.03674   0.04652   0.01998   0.04789
     5/599      6.1G   0.06894   0.02274   0.04802    0.1397        49       640    0.1677    0.1298   0.08294   0.03453   0.05202   0.01951   0.04665
     6/599      6.1G    0.0617   0.02275     0.047    0.1315        40       640     0.103     0.145    0.0964   0.03524   0.05449   0.01716   0.04454
     7/599      6.1G   0.05963   0.02116   0.04595    0.1267        42       640    0.1114    0.1489    0.1212   0.05583   0.04191   0.01781   0.04329
     8/599      6.1G   0.05704   0.02128   0.04304    0.1214        41       640   0.08438    0.1742    0.1143   0.05327   0.04554   0.01637     0.041
     9/599      6.1G   0.05479   0.02095   0.04035    0.1161        50       640   0.06075    0.1931    0.1297    0.0511   0.04721   0.01535   0.03914
    10/599      6.1G   0.05246   0.01931   0.03878    0.1106        48       640   0.08266    0.2024    0.1701   0.08867   0.04246   0.01522   0.03625
    11/599      6.1G   0.05156   0.01894   0.03572    0.1062        47       640   0.06734    0.2125    0.1636   0.07398    0.0469   0.01494   0.03253
    12/599      6.1G   0.05038   0.01847   0.03365    0.1025        24       640   0.08685    0.2301    0.1898   0.09547   0.03678   0.01458   0.03023
    13/599      6.1G    0.0487   0.01808    0.0294   0.09618        38       640   0.08316    0.2368    0.1896   0.08955   0.04214   0.01397   0.02723
    14/599      6.1G   0.04892   0.01773   0.02794   0.09459        48       640    0.1005    0.2546    0.2167    0.1078   0.03507   0.01365   0.02532
    15/599      6.1G   0.05187   0.01683   0.02643   0.09512        46       640   0.07669    0.2598    0.1839   0.08489   0.04718     0.013    0.0245
    16/599      6.1G   0.05232   0.01744   0.02449   0.09426        54       640   0.06959    0.2632    0.1775   0.07181   0.04533   0.01336   0.02414
    17/599      6.1G   0.05237   0.01648   0.02402   0.09288        29       640     0.138    0.2644    0.2184   0.08397   0.04433   0.01308    0.0227
    18/599      6.1G   0.04996   0.01734   0.02311   0.09041        30       640    0.2006      0.29    0.2339    0.1028   0.04282   0.01284   0.02174
    19/599      6.1G   0.05088   0.01803    0.0233   0.09222        43       640    0.1091    0.2695    0.2471    0.1275   0.04115   0.01269   0.02133
    20/599      6.1G   0.04768   0.01664   0.02301   0.08732        51       640    0.1721    0.2921    0.2511    0.1209   0.04033   0.01212   0.01997
    21/599      6.1G   0.04714   0.01637   0.02214   0.08565        50       640    0.2218    0.2931    0.3029      0.14   0.03794   0.01228   0.01958
    22/599      6.1G   0.04674   0.01563   0.02064   0.08301        44       640      0.17     0.316    0.2797    0.1522   0.03465    0.0123   0.01919
    23/599      6.1G   0.04411   0.01629    0.0216     0.082        59       640     0.195    0.3127    0.3015    0.1733   0.03341   0.01214   0.01895
    24/599      6.1G   0.04416   0.01486   0.02018    0.0792        42       640    0.2066    0.3495    0.3246    0.1804   0.03258   0.01228   0.01706
    25/599      6.1G   0.04716   0.01686   0.01951   0.08353        54       640    0.1828    0.3742    0.3054    0.1699   0.03348   0.01201   0.01667
    26/599      6.1G   0.04739   0.01668   0.01807   0.08215        45       640    0.1998    0.3616    0.3094    0.1607   0.03595   0.01174   0.01677
    27/599      6.1G   0.04423     0.016   0.01705   0.07727        43       640    0.2205    0.3464    0.3164    0.1703   0.03842   0.01166   0.01575
    28/599      6.1G   0.04654   0.01611   0.01735      0.08        36       640    0.2098    0.3162    0.3245    0.1771   0.03585   0.01194   0.01744
    29/599      6.1G   0.04537   0.01626   0.01771   0.07934        46       640    0.2015    0.4388    0.3784    0.2096   0.03262   0.01145   0.01368
    30/599      6.1G   0.04349   0.01659   0.01614   0.07622        34       640    0.2619    0.4442    0.3814    0.2269    0.0316   0.01169   0.01361
    31/599      6.1G   0.04113   0.01623   0.01551   0.07287        45       640    0.2015    0.4604    0.3992     0.241   0.02985   0.01142   0.01358
    32/599      6.1G   0.04034     0.016   0.01495   0.07129        57       640    0.2097    0.4641    0.4205    0.2423   0.03333   0.01123   0.01201
    33/599      6.1G   0.04031   0.01466   0.01546   0.07042        53       640     0.211    0.4553    0.3894    0.2238   0.02996   0.01103   0.01181
    34/599      6.1G   0.03927   0.01559   0.01347   0.06832        59       640    0.2614    0.5117    0.4756    0.2645   0.03155   0.01156   0.01141
    35/599      6.1G   0.04019   0.01542    0.0143   0.06992        49       640    0.2098    0.4481    0.4356    0.2563   0.02973   0.01134   0.01212
    36/599      6.1G   0.03777   0.01509   0.01435   0.06721        42       640    0.2412    0.4713     0.426    0.2537   0.02981   0.01103   0.01056
    37/599      6.1G    0.0361   0.01504   0.01203   0.06317        33       640    0.2147    0.4671    0.4504    0.2782   0.02612   0.01118   0.01051
    38/599      6.1G   0.03604   0.01445   0.01217   0.06266        45       640    0.2202    0.4545    0.4476    0.2823   0.02886   0.01103  0.009857
    39/599      6.1G   0.03678   0.01483    0.0134   0.06501        50       640    0.2982    0.4778    0.4548    0.2527    0.0303   0.01098   0.01039
    40/599      6.1G   0.03781   0.01568   0.01222   0.06571        36       640    0.2696    0.4865    0.4529    0.2744   0.02931   0.01091  0.009349
    41/599      6.1G   0.03661   0.01456   0.01297   0.06414        42       640    0.3226    0.4701    0.4394     0.274   0.02952   0.01066  0.009655
    42/599      6.1G   0.03423   0.01492   0.01087   0.06001        39       640    0.2576    0.4787    0.4806    0.3006   0.02688   0.01054  0.008729
    43/599      6.1G   0.03321   0.01454   0.01073   0.05849        41       640    0.3456    0.4908    0.4829    0.3202   0.02522   0.01007  0.008315
    44/599      6.1G   0.03677   0.01455   0.01137    0.0627        47       640    0.2796    0.4675    0.4793     0.303   0.02656   0.01045  0.008819
    45/599      6.1G   0.03336   0.01403   0.01171   0.05911        39       640    0.3453    0.4836    0.4907    0.3212   0.02569   0.01027   0.00906
    46/599      6.1G   0.03268   0.01375   0.01086    0.0573        41       640     0.318     0.501    0.5047    0.3192   0.02474  0.009808   0.00766
    47/599      6.1G   0.03268   0.01467   0.01123   0.05857        54       640     0.354    0.4936    0.5038    0.3123    0.0276   0.01029  0.008348
    48/599      6.1G   0.03458   0.01416  0.009773   0.05851        54       640    0.3543    0.4899     0.499     0.334   0.02561   0.01007  0.008389
    49/599      6.1G   0.03233   0.01342   0.01059   0.05634        42       640    0.4401    0.5334    0.5454    0.3654   0.02512   0.01003  0.007509
    50/599      6.1G   0.03426   0.01383   0.01037   0.05845        32       640    0.4016    0.5731    0.5827    0.3715   0.02541  0.009895  0.007368
    51/599      6.1G   0.03104   0.01328    0.0101   0.05441        41       640    0.4045    0.5731    0.5991    0.3809   0.02809  0.009577  0.007358
    52/599      6.1G   0.03431    0.0136   0.01032   0.05823        48       640     0.362    0.5289     0.559    0.3722   0.02432  0.009746  0.007404
    53/599      6.1G   0.03231   0.01393  0.008808   0.05505        35       640    0.4081    0.5324    0.5851    0.3846   0.02425  0.009556  0.006788
    54/599      6.1G   0.03187   0.01365  0.008846   0.05437        51       640    0.4094    0.5373     0.595    0.3878   0.02248  0.009388  0.007474
    55/599      6.1G   0.03038   0.01399  0.009486   0.05386        37       640     0.343     0.511    0.5946    0.4069   0.02223  0.009405  0.006795
    56/599      6.1G   0.03218   0.01355  0.009255   0.05499        38       640    0.3786    0.5557     0.586    0.4041   0.02323  0.009428  0.006827
    57/599      6.1G   0.03278   0.01335  0.008602   0.05473        53       640    0.3548    0.5535    0.5892    0.4011   0.02275  0.009374  0.005997
    58/599      6.1G   0.02974   0.01281  0.008079   0.05063        39       640     0.358    0.5558    0.6219    0.4387   0.02207  0.008946  0.006037
    59/599      6.1G   0.02891   0.01318   0.00936   0.05145        39       640     0.414    0.5683    0.6171    0.4381   0.02225  0.008724  0.006027
    60/599      6.1G   0.03292   0.01323   0.00835    0.0545        30       640    0.3839    0.5685     0.594    0.3998    0.0251   0.00904  0.005764
    61/599      6.1G   0.02951   0.01237   0.00762    0.0495        45       640    0.3824    0.5678    0.6311    0.4281   0.02301   0.00904  0.005664
    62/599      6.1G   0.02909    0.0119  0.007634   0.04863        52       640    0.4379    0.6317    0.6481     0.459   0.02221  0.008831  0.005999
    63/599      6.1G   0.02865   0.01204    0.0075   0.04819        36       640    0.4124    0.5691    0.6424    0.4532   0.02175  0.008791  0.006051
    64/599      6.1G   0.02986   0.01319   0.00815   0.05119        45       640    0.4016    0.5559    0.6173    0.4512    0.0199  0.008445  0.005237
    65/599      6.1G   0.02934   0.01252  0.008133      0.05        48       640    0.3696    0.5808    0.6045    0.3842   0.02216  0.008797  0.005321
    66/599      6.1G   0.02837   0.01209  0.007255   0.04772        39       640    0.4147    0.5782    0.6128    0.4055   0.02269  0.008635  0.004928
    67/599      6.1G   0.02938   0.01228   0.00834      0.05        47       640    0.5133    0.5998    0.6688    0.4739   0.02311  0.008809  0.005126
    68/599      6.1G   0.02906   0.01242  0.007675   0.04915        36       640    0.3813     0.581     0.639    0.4255   0.02056  0.008516  0.004949
    69/599      6.1G   0.02829   0.01208  0.006983   0.04736        38       640    0.3779    0.5815    0.6362    0.4317   0.02111  0.008553  0.004791
    70/599      6.1G    0.0273   0.01229  0.006531   0.04613        28       640    0.3926    0.5793    0.6149    0.4466   0.01987  0.008325  0.004665
    71/599      6.1G   0.02887   0.01238  0.007202   0.04846        47       640    0.4172    0.6146    0.6176    0.4249   0.02233  0.008626   0.00539
    72/599      6.1G   0.03005   0.01275  0.007617   0.05042        44       640    0.3845    0.5779    0.6025    0.4318   0.02039  0.008973  0.005927
    73/599      6.1G   0.02955    0.0122  0.007034   0.04879        34       640    0.4132    0.5932    0.6461    0.4619   0.02075  0.008734  0.004998
    74/599      6.1G   0.02716   0.01294  0.006765   0.04686        53       640      0.47    0.6115    0.6684    0.5014   0.01891  0.008416  0.004961
    75/599      6.1G   0.02657   0.01188  0.006029   0.04448        37       640    0.3903    0.6039    0.6356    0.4457   0.02039  0.008214  0.004554
    76/599      6.1G   0.02894   0.01221  0.007292   0.04844        39       640    0.3986    0.6014    0.6153    0.4184   0.02003  0.008486   0.00451
    77/599      6.1G   0.02932   0.01327  0.006805   0.04939        48       640    0.4003    0.6069    0.6425    0.4581   0.02106  0.008581  0.004658
    78/599      6.1G   0.02746    0.0121  0.006502   0.04606        36       640     0.407    0.6093    0.6732    0.4889   0.02213  0.008602  0.004392
    79/599      6.1G   0.02711   0.01197  0.006643   0.04572        28       640    0.4134    0.6095    0.6685    0.4763   0.02068  0.008462  0.004236
    80/599      6.1G   0.02794   0.01208  0.006371   0.04639        35       640    0.4873     0.628    0.6802    0.4918   0.02017  0.008161  0.004407
    81/599      6.1G   0.02809   0.01163  0.006253   0.04597        35       640    0.4592    0.6145    0.6836    0.5175   0.01911  0.008228  0.004335
    82/599      6.1G   0.02615   0.01177  0.006095   0.04402        48       640    0.4167    0.6088    0.6719    0.4967   0.01871   0.00804   0.00395
    83/599      6.1G   0.02533   0.01145  0.006293   0.04307        41       640    0.4394    0.5993    0.6588    0.4922   0.01918  0.007879  0.004157
    84/599      6.1G   0.02654   0.01111  0.006328   0.04398        32       640    0.4807    0.6275    0.6657    0.4877   0.01919  0.007973   0.00403
    85/599      6.1G   0.02653   0.01192  0.005804   0.04426        37       640     0.456    0.6068    0.6679    0.5173   0.01863  0.007976   0.00406
    86/599      6.1G   0.02674   0.01194  0.005605   0.04429        50       640     0.412     0.605    0.6103    0.4388    0.0193  0.008043  0.004068
    87/599      6.1G   0.02509   0.01216  0.005659   0.04291        54       640    0.4239    0.6141    0.6593    0.4779   0.01849   0.00802  0.004002
    88/599      6.1G   0.02717   0.01207   0.00598   0.04523        54       640    0.5011    0.6845     0.704    0.4917   0.01872  0.008011  0.003916
    89/599      6.1G   0.02813   0.01217  0.006372   0.04668        62       640    0.4028     0.622    0.6602    0.4523   0.01956  0.008185  0.003833
    90/599      6.1G   0.02603   0.01126  0.006145   0.04344        42       640    0.4529    0.6218    0.6581    0.4829   0.01942  0.007911  0.003865
    91/599      6.1G   0.02712   0.01156  0.006015    0.0447        49       640    0.4349    0.6194    0.6561    0.4771    0.0191  0.007925  0.003947
    92/599      6.1G    0.0285   0.01168  0.006793   0.04697        54       640    0.4067    0.6216     0.666    0.4807   0.02007  0.008038  0.004053
    93/599      6.1G   0.02717   0.01151  0.005943   0.04462        49       640    0.5546    0.7041    0.7359    0.5345   0.01925  0.007729  0.003597
    94/599      6.1G   0.02462   0.01066  0.006043   0.04132        36       640    0.5446    0.7044    0.7711    0.5771   0.01759  0.007603  0.003716
    95/599      6.1G   0.02512   0.01097  0.005611    0.0417        32       640    0.4727    0.6423    0.6917    0.4843   0.01866  0.007813  0.003412
    96/599      6.1G   0.02702   0.01199  0.006021   0.04504        33       640    0.5119    0.7054     0.759    0.5576   0.01855  0.007676  0.003543
    97/599      6.1G   0.02589   0.01166   0.00557   0.04313        53       640    0.5333     0.708    0.7823    0.6064    0.0179  0.007753  0.003657
    98/599      6.1G   0.02625   0.01136  0.004756   0.04236        43       640    0.4389    0.6448    0.7308    0.5494   0.01861  0.007557  0.003847
    99/599      6.1G   0.02623   0.01121  0.005278   0.04272        49       640    0.4417    0.6453    0.7026    0.5361   0.01868  0.007713   0.00349
   100/599      6.1G   0.02468   0.01086  0.005868   0.04141        31       640    0.4521    0.6427    0.7138      0.55   0.01731  0.007614  0.003766
   101/599      6.1G    0.0255   0.01083  0.005368    0.0417        41       640    0.5357    0.7242    0.7359    0.5549   0.01846  0.007636  0.003726
   102/599      6.1G   0.02626   0.01125  0.004793    0.0423        35       640     0.566    0.7055    0.7637    0.5589   0.01837   0.00748  0.003374
   103/599      6.1G   0.02539   0.01188  0.005241   0.04251        40       640    0.5369    0.6306    0.7451    0.5718   0.01798  0.007561  0.003327
   104/599      6.1G   0.02666   0.01102  0.005498   0.04318        24       640    0.6156    0.7473    0.7858    0.5814    0.0175  0.007523  0.003322
   105/599      6.1G   0.02573   0.01166  0.004746   0.04213        50       640    0.5306    0.7077    0.7686    0.5764   0.01858  0.007685  0.003249
   106/599      6.1G   0.02432   0.01141  0.004794   0.04052        36       640    0.5243    0.7264    0.7629    0.5908   0.01752  0.007463  0.003056
   107/599      6.1G   0.02499   0.01162  0.004853   0.04146        29       640    0.5041    0.7007    0.7306    0.5423   0.01787  0.007358  0.003109
   108/599      6.1G   0.02595   0.01116  0.004828   0.04194        36       640    0.5006    0.6667    0.7194    0.5292   0.01851  0.007368  0.003153
   109/599      6.1G   0.02467   0.01127   0.00608   0.04202        36       640     0.519    0.6662    0.7198    0.5633   0.01751  0.007271   0.00309
   110/599      6.1G   0.02492   0.01155   0.00486   0.04133        54       640    0.4866    0.6749    0.7089    0.5458   0.01673  0.007275  0.003082
   111/599      6.1G   0.02421   0.01179   0.00485   0.04085        56       640    0.4815    0.6875    0.7204    0.5551   0.01692  0.007422  0.003147
   112/599      6.1G   0.02453   0.01057  0.004547   0.03965        46       640    0.5784    0.7488    0.7846    0.6074   0.01677  0.007223  0.002865
   113/599      6.1G   0.02379   0.01036  0.004441    0.0386        29       640    0.5053     0.689    0.7682    0.5894    0.0175  0.007238  0.003051
   114/599      6.1G   0.02612   0.01127   0.00537   0.04276        63       640    0.5107    0.6947    0.7268     0.548   0.01728  0.007408  0.003221
   115/599      6.1G   0.02353   0.01045   0.00501     0.039        50       640    0.4687    0.7259    0.7674    0.5967   0.01691  0.007181  0.003021
   116/599      6.1G   0.02439   0.01051   0.00505   0.03995        37       640    0.4989    0.7249    0.7511    0.5824   0.01679  0.007151   0.00299
   117/599      6.1G    0.0259   0.01121  0.004745   0.04186        37       640    0.4901    0.7291    0.7376    0.5804   0.01657   0.00732  0.003149
   118/599      6.1G   0.02448   0.01065   0.00513   0.04026        36       640    0.4977    0.7473    0.7357    0.5582   0.01608  0.007262  0.003129
   119/599      6.1G     0.024   0.01063  0.004364   0.03899        52       640    0.4791    0.7288    0.7611    0.5917   0.01587  0.007166  0.003164
   120/599      6.1G   0.02389   0.01059  0.004191   0.03867        49       640    0.4693    0.7286    0.7829    0.6152   0.01625  0.007171  0.002953
   121/599      6.1G   0.02464   0.01064  0.004501   0.03978        41       640    0.4859    0.7286    0.8052    0.6231   0.01773  0.007154  0.002837
   122/599      6.1G   0.02404   0.01092  0.004089   0.03906        44       640    0.4852    0.7284    0.7991    0.6437   0.01608  0.007163  0.002775
   123/599      6.1G   0.02412   0.01096  0.004829   0.03991        42       640    0.5601    0.7908    0.8316    0.6445   0.01676  0.007044  0.002714
   124/599      6.1G   0.02422   0.01097  0.004329   0.03951        46       640    0.5253    0.7285    0.8052    0.6136   0.01592  0.006908  0.002825
   125/599      6.1G   0.02224   0.01028  0.004317   0.03683        40       640    0.5103    0.7491    0.8094    0.6333   0.01595   0.00705  0.002734
   126/599      6.1G   0.02284   0.01077  0.003925   0.03754        48       640    0.4934    0.7388    0.7991    0.6076   0.01593  0.006864  0.002746
   127/599      6.1G   0.02349   0.01024  0.004236   0.03797        44       640    0.4863    0.7292    0.7893    0.6284   0.01567  0.006977   0.00268
   128/599      6.1G   0.02361   0.01109  0.003942   0.03864        72       640    0.5108      0.75    0.7799    0.5999   0.01542  0.006886  0.002653
   129/599      6.1G   0.02296  0.009971  0.004199   0.03713        43       640    0.5023    0.7498    0.7745    0.5966   0.01504  0.006852  0.002668
   130/599      6.1G   0.02186   0.01001  0.004532   0.03639        29       640    0.4893    0.7498    0.7856    0.6167   0.01507  0.006922  0.002771
   131/599      6.1G   0.02281    0.0109  0.004135   0.03785        50       640    0.5175    0.7264    0.7771    0.6089   0.01503  0.006883  0.002608
   132/599      6.1G   0.02402   0.01056  0.003985   0.03857        56       640    0.5002    0.7292    0.7661    0.6128   0.01552  0.006909  0.002854
   133/599      6.1G   0.02289   0.01053  0.003972   0.03738        41       640    0.5035    0.7288     0.796    0.6173   0.01578  0.006983  0.003242
   134/599      6.1G   0.02345   0.01051  0.004549    0.0385        31       640    0.5625    0.7896    0.8363    0.6723   0.01622  0.006886  0.002959
   135/599      6.1G   0.02331   0.01028  0.004387   0.03798        45       640    0.6425    0.8511    0.8761    0.6744   0.01593  0.006973    0.0027
   136/599      6.1G   0.02433   0.01082  0.003747    0.0389        50       640    0.6331    0.8595     0.872     0.646   0.01635  0.006946  0.002707
   137/599      6.1G   0.02394   0.01076  0.004169   0.03886        42       640    0.5995    0.8092     0.865    0.6867   0.01567  0.006984  0.002636
   138/599      6.1G   0.02185   0.01023  0.004187   0.03627        35       640    0.6371    0.8741    0.8959    0.7321   0.01526  0.006717  0.002576
   139/599      6.1G   0.02272   0.01034  0.004146    0.0372        56       640    0.6402    0.8741    0.8957    0.7221   0.01548  0.006677  0.002546
   140/599      6.1G   0.02558   0.01112  0.004225   0.04093        56       640      0.63    0.8542    0.8712    0.6908   0.01579  0.006853   0.00272
   141/599      6.1G   0.02352  0.009808  0.004452   0.03778        38       640    0.5927    0.8542    0.8685    0.6671   0.01609  0.006911  0.002653
   142/599      6.1G   0.02232   0.01022  0.004087   0.03663        61       640     0.643    0.8542    0.8762    0.7012   0.01567  0.006718  0.002486
   143/599      6.1G   0.02246   0.01046  0.003907   0.03683        53       640    0.5346    0.7399    0.8219    0.6532   0.01507  0.006594  0.002526
   144/599      6.1G   0.02237   0.01062  0.004209    0.0372        57       640    0.6268    0.8748    0.8989    0.7149    0.0145  0.006531  0.002422
   145/599      6.1G   0.02192   0.01017  0.004374   0.03647        39       640    0.7049    0.9373    0.9314    0.7654   0.01496  0.006525  0.002429
   146/599      6.1G   0.02275   0.01017  0.003919   0.03684        33       640     0.709    0.9375    0.9269    0.7481   0.01492  0.006653  0.002424
   147/599      6.1G   0.02187   0.01053  0.003707   0.03611        30       640     0.558    0.8123    0.8649    0.6909   0.01481  0.006576  0.002287
   148/599      6.1G   0.02318  0.009508  0.003543   0.03623        40       640    0.5818    0.8121    0.8566    0.6888   0.01458  0.006577  0.002403
   149/599      6.1G   0.02308  0.009717  0.004078   0.03688        41       640     0.597    0.8123    0.8636    0.6964   0.01525  0.006752  0.002491
   150/599      6.1G   0.02088  0.009807  0.003776   0.03446        36       640    0.5996    0.8123     0.861    0.6851   0.01455  0.006624  0.002408
   151/599      6.1G    0.0221  0.009954  0.003463   0.03551        51       640    0.6638     0.875    0.9095    0.7196    0.0146  0.006613  0.002357
   152/599      6.1G   0.02322   0.01042  0.003698   0.03734        52       640    0.5619    0.8125    0.8614     0.681   0.01485  0.006652   0.00231
   153/599      6.1G   0.02165   0.01008  0.003591   0.03532        45       640    0.6102    0.8125    0.8531    0.6881   0.01453    0.0065  0.002308
   154/599      6.1G   0.02153   0.01016  0.003732   0.03542        36       640    0.5805    0.8125    0.8727    0.6931   0.01445  0.006381  0.002463
   155/599      6.1G   0.02339  0.009713  0.003783   0.03688        42       640     0.703    0.9375    0.9341    0.7421   0.01583   0.00658  0.002356
   156/599      6.1G   0.02311   0.01046  0.003518    0.0371        48       640    0.7015    0.9372    0.9445     0.785     0.015  0.006515  0.002348
   157/599      6.1G   0.02361   0.01049  0.004083   0.03818        48       640    0.7234    0.9372    0.9479    0.7595   0.01483  0.006635  0.002425
   158/599      6.1G   0.02138  0.009838  0.003667   0.03489        44       640    0.7901    0.9792      0.98    0.8197   0.01496  0.006502  0.002319
   159/599      6.1G   0.02072      0.01  0.003522   0.03425        43       640    0.6678    0.8542    0.9066    0.7257    0.0141  0.006229  0.002919
   160/599      6.1G   0.02318   0.01072  0.003559   0.03746        40       640    0.6667     0.875      0.92    0.7438   0.01489  0.006453  0.002319
   161/599      6.1G   0.02259  0.009747  0.003415   0.03576        27       640    0.7711    0.9375    0.9534    0.7677   0.01438  0.006485  0.002254
   162/599      6.1G   0.02132  0.009324  0.003693   0.03434        53       640    0.7384    0.9375    0.9618    0.8021   0.01392  0.006242  0.002188
   163/599      6.1G   0.02118  0.009619  0.003448   0.03425        37       640    0.7559         1    0.9899    0.7883   0.01458  0.006291  0.002343
   164/599      6.1G   0.02236   0.01026  0.003454   0.03608        24       640     0.674    0.9373    0.9639    0.7759   0.01446  0.006322  0.002308
   165/599      6.1G   0.02119   0.01002  0.003598    0.0348        47       640    0.7676         1    0.9907    0.8063    0.0148  0.006457  0.002255
   166/599      6.1G   0.02085   0.01047  0.003314   0.03464        58       640    0.7581    0.9998    0.9951     0.827    0.0139  0.006349  0.002284
   167/599      6.1G   0.02089  0.009555  0.003165   0.03361        41       640    0.7142    0.9372    0.9619    0.7781   0.01369  0.006246  0.002112
   168/599      6.1G   0.02132   0.01023  0.003693   0.03524        37       640    0.7305    0.9375     0.964    0.7947   0.01415  0.006424  0.002174
   169/599      6.1G   0.02048   0.01011  0.003258   0.03385        34       640    0.7475    0.9372    0.9638    0.7687   0.01328   0.00626  0.002221
   170/599      6.1G   0.02028  0.009588   0.00357   0.03344        29       640    0.6906    0.8747    0.9225    0.7577   0.01328  0.006161  0.002174
   171/599      6.1G    0.0205  0.009789  0.003781   0.03407        46       640    0.7636    0.9323    0.9631    0.7954   0.01339  0.006238  0.002346
   172/599      6.1G   0.02024  0.009363  0.003535   0.03314        42       640    0.7543    0.9375    0.9638     0.811    0.0131  0.006145  0.002229
   173/599      6.1G   0.02057  0.009178  0.003426   0.03317        37       640    0.7187    0.9375    0.9614    0.7922   0.01394  0.006159  0.002158
   174/599      6.1G   0.02159  0.009959  0.003605   0.03516        40       640    0.7126    0.9353    0.9583    0.7777   0.01393  0.006242  0.002145
   175/599      6.1G   0.02243   0.00957  0.003341   0.03534        28       640    0.7534    0.9373     0.964    0.7961   0.01339   0.00618  0.002122
   176/599      6.1G   0.02041  0.009572  0.003499   0.03348        51       640     0.748    0.9373    0.9619    0.7804   0.01355  0.006192  0.002099
   177/599      6.1G   0.02085  0.009488  0.003245   0.03358        33       640    0.7913    0.9998    0.9903     0.817   0.01357  0.006236  0.001992
   178/599      6.1G   0.02113  0.009594   0.00316   0.03389        48       640    0.7521    0.9997    0.9919    0.8206   0.01363  0.006224  0.002011
   179/599      6.1G   0.01971  0.009356   0.00401   0.03307        46       640    0.7714         1    0.9951    0.8123   0.01323  0.006137  0.001999
   180/599      6.1G   0.02038   0.00962  0.003593    0.0336        45       640    0.7942    0.9997     0.995    0.8005   0.01348  0.006384  0.001986
   181/599      6.1G   0.02179  0.009811  0.003107    0.0347        57       640    0.7672    0.9998     0.995    0.7813   0.01386  0.006318  0.002032
   182/599      6.1G   0.01901  0.009501  0.003354   0.03186        36       640    0.7632         1    0.9951    0.8297   0.01306  0.006015   0.00191
   183/599      6.1G   0.01948  0.009561  0.002851   0.03189        46       640     0.793    0.9998     0.995    0.8376   0.01321  0.006079  0.001868
   184/599      6.1G   0.02148  0.009344  0.002786   0.03361        54       640    0.7652         1    0.9952    0.8382   0.01351  0.006121  0.001925
   185/599      6.1G   0.01924  0.008913   0.00327   0.03143        35       640    0.7486         1    0.9839    0.8112   0.01302   0.00606  0.001947
   186/599      6.1G   0.01909  0.009465     0.003   0.03156        52       640    0.7532    0.9998    0.9951    0.8415   0.01292  0.005963  0.001867
   187/599      6.1G   0.02046  0.009451   0.00287   0.03278        39       640    0.7565    0.9998    0.9951    0.8165   0.01316  0.005916  0.001848
   188/599      6.1G   0.02187  0.009802  0.003117   0.03479        43       640    0.7593    0.9997    0.9793     0.791   0.01315   0.00602  0.001929
   189/599      6.1G   0.02067  0.008972  0.003208   0.03285        36       640    0.7608    0.9997    0.9951    0.8414   0.01272  0.006023  0.002006
   190/599      6.1G   0.01995  0.009155  0.002978   0.03208        47       640    0.7748         1     0.995    0.8289   0.01271  0.005932  0.001934
   191/599      6.1G   0.02102  0.009306  0.002608   0.03293        45       640    0.7845         1    0.9951    0.8146   0.01394  0.006183  0.001883
   192/599      6.1G   0.02115  0.009423   0.00278   0.03335        49       640    0.7841         1    0.9951    0.8152    0.0133  0.006148  0.001864
   193/599      6.1G   0.02025  0.009187  0.002481   0.03192        38       640    0.7704         1    0.9952    0.8004   0.01374  0.006138   0.00188
   194/599      6.1G   0.01949  0.009057  0.003039   0.03158        50       640    0.7806    0.9997    0.9869    0.8378   0.01254  0.005749  0.001865
   195/599      6.1G   0.01982  0.009798  0.003263   0.03289        28       640    0.7108    0.9375     0.964    0.7992   0.01255  0.005859  0.001892
   196/599      6.1G   0.01913  0.008995  0.002862   0.03098        51       640     0.778         1     0.995    0.8274   0.01217  0.005904  0.001869
   197/599      6.1G   0.02011  0.009135  0.002844   0.03209        39       640    0.7749         1     0.993    0.8038   0.01392  0.005958  0.001808
   198/599      6.1G   0.01997  0.008982  0.002547    0.0315        41       640    0.7887         1     0.993     0.848   0.01223  0.005755  0.001823
   199/599      6.1G   0.01886  0.009016  0.002691   0.03057        51       640    0.7914         1    0.9951     0.846    0.0132  0.005843  0.001854
   200/599      6.1G   0.02042  0.008555  0.003054   0.03203        42       640    0.7232    0.9375     0.964    0.8047   0.01285  0.005872  0.001911
   201/599      6.1G   0.02095  0.009482  0.003071    0.0335        52       640    0.7097    0.9375     0.964    0.8149   0.01238  0.005891  0.001972
   202/599      6.1G   0.01908  0.009217   0.00315   0.03144        43       640     0.783    0.9992     0.995    0.8349   0.01247  0.005976  0.002137
   203/599      6.1G   0.01941  0.009045  0.002664   0.03112        49       640    0.7795         1    0.9915    0.8345   0.01242  0.006035  0.001798
   204/599      6.1G   0.01994  0.009351  0.003118   0.03241        49       640    0.7116    0.9375    0.9641    0.8211   0.01261  0.005912  0.001741
   205/599      6.1G   0.01974  0.008622  0.002965   0.03133        34       640    0.7423         1    0.9952    0.8149   0.01258  0.005877  0.001775
   206/599      6.1G   0.01881  0.008852  0.002674   0.03033        37       640    0.7095         1    0.9905    0.8309   0.01221  0.005603  0.001764
   207/599      6.1G   0.01883  0.008375  0.002873   0.03008        46       640    0.7163         1    0.9952    0.8511   0.01219  0.005627  0.001986
   208/599      6.1G   0.01985   0.00914  0.002606   0.03159        36       640    0.7225    0.9641    0.9641    0.8283   0.01284  0.005758  0.001788
   209/599      6.1G   0.01956  0.009093  0.002941   0.03159        34       640    0.7356    0.9375    0.9641    0.8345   0.01274  0.005802  0.001787
   210/599      6.1G   0.01897  0.008831  0.002329   0.03013        45       640    0.7148    0.9375    0.9538    0.7831   0.01308  0.005794   0.00171
   211/599      6.1G   0.02059  0.009501  0.002713    0.0328        48       640     0.685    0.9372    0.9537    0.7687   0.01272  0.005835  0.001766
   212/599      6.1G   0.01922  0.009148  0.002718   0.03108        54       640    0.7055    0.9758     0.964    0.8059   0.01234  0.005731  0.001876
   213/599      6.1G   0.02011    0.0093  0.002695    0.0321        40       640    0.7152    0.9997    0.9951    0.8311   0.01286  0.005788  0.001786
   214/599      6.1G   0.01938  0.008854  0.002439   0.03067        60       640     0.634    0.9375    0.9566    0.8148   0.01274  0.005811  0.001729
   215/599      6.1G   0.01929   0.00913   0.00268    0.0311        43       640    0.7043         1    0.9911    0.8476   0.01208  0.005591  0.001758
   216/599      6.1G   0.02012  0.008971  0.002812    0.0319        43       640    0.7226         1    0.9929    0.8386   0.01218  0.005748  0.001825
   217/599      6.1G   0.01913   0.00926  0.002752   0.03114        40       640    0.7424         1    0.9952    0.8626   0.01181  0.005554   0.00176
   218/599      6.1G   0.01816  0.008132  0.003024   0.02931        39       640    0.7271         1    0.9952    0.8177   0.01203  0.005584  0.001701
   219/599      6.1G   0.01827  0.009058  0.002699   0.03003        45       640    0.7287         1    0.9931    0.8206   0.01182  0.005563  0.001739
   220/599      6.1G     0.019  0.009087  0.002757   0.03084        50       640    0.7431         1    0.9952    0.8456   0.01201  0.005571  0.001692
   221/599      6.1G   0.01963  0.009035  0.002973   0.03164        42       640    0.7126         1    0.9818    0.8287   0.01184  0.005587  0.001734
   222/599      6.1G    0.0179  0.008348   0.00282   0.02907        55       640    0.6461    0.9424    0.9641    0.7701   0.01162  0.005522  0.001659
   223/599      6.1G   0.01888  0.009206  0.002677   0.03076        59       640    0.6553    0.9542    0.9599    0.8063   0.01179  0.005531  0.001614
   224/599      6.1G   0.01913  0.008864  0.002774   0.03077        32       640    0.6942         1    0.9952    0.8549   0.01163  0.005435  0.001601
   225/599      6.1G   0.01909  0.009154  0.002512   0.03075        42       640    0.6779         1    0.9916    0.8405   0.01147  0.005454   0.00167
   226/599      6.1G   0.01905  0.009079  0.002436   0.03056        64       640    0.6714         1    0.9845    0.8426   0.01162  0.005479  0.001687
   227/599      6.1G   0.01892  0.008855   0.00248   0.03025        36       640    0.7303         1    0.9952      0.86   0.01173  0.005424  0.001655
   228/599      6.1G   0.02008  0.008821  0.003017   0.03192        38       640    0.7196         1    0.9952    0.8416   0.01207  0.005546  0.001705
   229/599      6.1G   0.01822  0.008671  0.002636   0.02952        34       640    0.6814         1    0.9951    0.8269   0.01218  0.005557  0.001721
   230/599      6.1G   0.01872  0.008579  0.002447   0.02975        32       640     0.693         1    0.9952    0.8245   0.01136  0.005487  0.001707
   231/599      6.1G   0.01976  0.008533  0.002507    0.0308        36       640    0.7016         1    0.9952    0.8544   0.01177  0.005487  0.001712
   232/599      6.1G    0.0187  0.008886  0.002671   0.03026        43       640    0.7068         1    0.9952    0.8184   0.01125  0.005603  0.001727
   233/599      6.1G   0.01901  0.008372  0.002501   0.02988        43       640    0.7127         1    0.9952    0.8334   0.01139  0.005533  0.001668
   234/599      6.1G   0.01765  0.008243  0.002397   0.02829        54       640    0.7123         1    0.9952     0.837   0.01143   0.00549  0.001622
   235/599      6.1G   0.01891  0.008652  0.002327   0.02989        38       640    0.6821         1    0.9952    0.8482   0.01169  0.005485  0.001595
   236/599      6.1G   0.01837   0.00887   0.00247   0.02971        47       640    0.6537         1    0.9931    0.8281   0.01154  0.005524  0.001617
   237/599      6.1G   0.01922  0.008657  0.002167   0.03004        42       640    0.6706         1    0.9889    0.7971   0.01149  0.005566  0.001597
   238/599      6.1G   0.01808  0.007976  0.002364   0.02842        55       640    0.6794         1    0.9488    0.7786   0.01131  0.005326  0.001534
   239/599      6.1G   0.01856  0.008416  0.002146   0.02912        57       640    0.6981    0.9997      0.96    0.8252   0.01166  0.005382  0.001555
   240/599      6.1G   0.01854  0.008414  0.002668   0.02962        41       640    0.6558         1    0.9834     0.829   0.01162  0.005567  0.001606
   241/599      6.1G    0.0183  0.008468  0.002599   0.02937        50       640     0.704         1    0.9952     0.854   0.01097  0.005478  0.001631
   242/599      6.1G   0.01829   0.00862  0.002246   0.02915        33       640    0.6965         1    0.9952    0.8209   0.01152   0.00538  0.001588
   243/599      6.1G   0.01766  0.008558  0.002322   0.02854        47       640    0.6979         1    0.9952    0.8446   0.01137  0.005331  0.001586
   244/599      6.1G   0.01826  0.008563  0.002588   0.02941        37       640    0.6921         1    0.9952    0.8548   0.01117  0.005342  0.001578
   245/599      6.1G   0.01833  0.008165  0.002528   0.02902        42       640    0.7079         1    0.9952    0.8373   0.01087  0.005378  0.001609
   246/599      6.1G   0.01686  0.007998  0.002438   0.02729        42       640    0.6946         1    0.9952     0.852   0.01073  0.005298  0.001579
   247/599      6.1G   0.01792  0.008869   0.00252   0.02931        46       640    0.6986         1    0.9641    0.8117   0.01086  0.005274  0.001513
   248/599      6.1G   0.01876  0.008487  0.002238   0.02949        54       640     0.677         1    0.9868    0.8452   0.01123  0.005337  0.001523
   249/599      6.1G   0.01654  0.008169   0.00213   0.02684        41       640    0.6877    0.9997    0.9952    0.8581   0.01077  0.005153  0.001521
   250/599      6.1G   0.01743  0.008643  0.002143   0.02822        37       640    0.7073         1    0.9952     0.845   0.01052  0.005065  0.001486
   251/599      6.1G   0.01715  0.008337  0.002038   0.02753        37       640    0.7088    0.9997    0.9641    0.8243   0.01054  0.005108  0.001454
   252/599      6.1G   0.01768  0.008253   0.00259   0.02852        30       640    0.7058         1    0.9641    0.8312   0.01114  0.005224   0.00147
   253/599      6.1G    0.0175  0.008076  0.002214   0.02779        38       640    0.6832         1    0.9641    0.8362   0.01051  0.005249  0.001481
   254/599      6.1G   0.01824  0.007704  0.001953    0.0279        38       640    0.6766         1     0.959    0.8303   0.01082  0.005317   0.00146
   255/599      6.1G     0.017  0.008694  0.002317   0.02801        45       640    0.6812         1    0.9952    0.8305   0.01104  0.005284  0.001452
   256/599      6.1G   0.01757  0.008044  0.002327   0.02794        36       640    0.7013         1    0.9952    0.8664   0.01065  0.005236  0.001489
   257/599      6.1G   0.01663  0.008413  0.002231   0.02727        39       640    0.6797         1    0.9952    0.8678   0.01014  0.004971  0.001482
   258/599      6.1G   0.01726  0.008145  0.002362   0.02776        45       640    0.6785         1    0.9952    0.8531    0.0106  0.005083  0.001433
   259/599      6.1G   0.01709  0.007915  0.002287   0.02729        37       640    0.6943    0.9997    0.9952    0.8712   0.01068  0.005089  0.001541
   260/599      6.1G   0.01799  0.008344  0.002445   0.02878        43       640    0.6815         1    0.9952    0.8497   0.01049  0.005101  0.001512
   261/599      6.1G   0.01802  0.008381  0.002052   0.02845        44       640    0.6703    0.9998    0.9931    0.8414   0.01066  0.005212   0.00151
   262/599      6.1G   0.01648  0.008201  0.002437   0.02711        48       640    0.6882         1    0.9952    0.8513   0.01035  0.005094  0.001498
   263/599      6.1G   0.01802  0.008501   0.00198   0.02851        41       640    0.6958         1    0.9952    0.8339   0.01093   0.00518  0.001447
   264/599      6.1G   0.01821  0.008513  0.002571    0.0293        38       640     0.694         1    0.9952    0.8255   0.01062  0.005285  0.001515
   265/599      6.1G   0.01645  0.007786  0.002337   0.02658        42       640    0.6782         1    0.9952    0.8509    0.0103  0.005022  0.001476
   266/599      6.1G   0.01649  0.008225  0.002166   0.02688        37       640    0.6603         1    0.9932    0.8231   0.01022  0.004942    0.0015
   267/599      6.1G   0.01697  0.008377  0.002243   0.02759        54       640    0.6782         1    0.9911    0.8467   0.01025  0.005016  0.001447
   268/599      6.1G   0.01688  0.008043  0.002353   0.02728        46       640    0.6744    0.9999    0.9885    0.8033   0.01022  0.004961  0.001411
   269/599      6.1G    0.0165  0.008019  0.002042   0.02656        33       640    0.6732    0.9997    0.9952    0.8168   0.01046  0.005033  0.001397
   270/599      6.1G   0.01651  0.007868  0.002202   0.02658        43       640    0.6684         1    0.9952    0.8504    0.0102  0.005069  0.001411
   271/599      6.1G   0.01674  0.008051  0.002292   0.02709        66       640    0.6669         1    0.9952    0.8546   0.01049  0.005049  0.001391
   272/599      6.1G   0.01722  0.008252   0.00268   0.02815        46       640    0.6858         1    0.9952    0.8447   0.01018   0.00498  0.001433
   273/599      6.1G   0.01815  0.008665  0.002564   0.02938        43       640    0.6699    0.9998    0.9952    0.8643   0.01054  0.005066  0.001451
   274/599      6.1G   0.01662  0.008285  0.002544   0.02745        34       640    0.6671    0.9998    0.9931    0.8734   0.01028  0.004963  0.001362
   275/599      6.1G   0.01588  0.007639  0.001876   0.02539        43       640    0.6473         1    0.9912    0.8452  0.009857  0.004822  0.001348
   276/599      6.1G   0.01744  0.008178  0.002404   0.02803        26       640    0.6802         1    0.9953    0.8394   0.01044  0.004944  0.001362
   277/599      6.1G   0.01799  0.008145  0.002599   0.02874        32       640    0.6679         1    0.9952    0.8606    0.0106  0.005123  0.001428
   278/599      6.1G   0.01673  0.008472  0.002186   0.02739        45       640    0.6614         1    0.9952    0.8962   0.01043  0.005178  0.001428
   279/599      6.1G   0.01734   0.00801  0.002497   0.02785        42       640    0.6859         1    0.9952    0.8574   0.01086  0.005177  0.001385
   280/599      6.1G   0.01777  0.008263  0.001993   0.02802        47       640    0.6916         1    0.9952    0.8502   0.01041  0.005162  0.001391
   281/599      6.1G   0.01613  0.008145   0.00228   0.02655        52       640    0.6838         1    0.9932    0.8293   0.01041  0.005092   0.00147
   282/599      6.1G   0.01686  0.008033  0.002386   0.02728        32       640    0.6812         1     0.989    0.8749   0.01018   0.00501  0.001458
   283/599      6.1G   0.01676  0.008779  0.002072   0.02761        47       640    0.6652    0.9998    0.9888    0.8345   0.01032  0.005106  0.001457
   284/599      6.1G    0.0156  0.007935  0.001889   0.02542        57       640     0.691         1    0.9952    0.8595   0.01006  0.005092  0.001358
   285/599      6.1G   0.01609  0.007996  0.002025   0.02611        32       640    0.6891         1    0.9952    0.8494  0.009787  0.005069  0.001313
   286/599      6.1G    0.0161  0.008563  0.002094   0.02675        43       640    0.6956         1    0.9952    0.8713  0.009843  0.005001  0.001282
   287/599      6.1G   0.01726  0.007909  0.002192   0.02736        33       640    0.6997         1    0.9953    0.8705   0.01046  0.005064  0.001289
   288/599      6.1G   0.01841  0.008643    0.0019   0.02895        54       640    0.6755         1    0.9952    0.8601   0.01039  0.005116  0.001352
   289/599      6.1G   0.01625  0.008078  0.002063   0.02639        30       640    0.6875         1    0.9952    0.8438   0.01016  0.004921   0.00139
   290/599      6.1G   0.01639  0.007622   0.00229    0.0263        31       640    0.7024         1    0.9952    0.8814  0.009893   0.00487  0.001379
   291/599      6.1G   0.01618  0.007931  0.001982    0.0261        30       640    0.6928         1    0.9952    0.8669  0.009974   0.00493  0.001347
   292/599      6.1G   0.01635   0.00772  0.001869   0.02594        49       640    0.7031         1    0.9952    0.8867  0.009818  0.004902  0.001325
   293/599      6.1G   0.01596  0.007923  0.001897   0.02578        62       640       0.7    0.9997    0.9952    0.8731  0.009612   0.00489  0.001289
   294/599      6.1G   0.01604  0.007974  0.001971   0.02598        35       640    0.6792         1    0.9953    0.8762  0.009965  0.004868  0.001304
   295/599      6.1G   0.01586   0.00783  0.001867   0.02556        46       640    0.6576         1    0.9906    0.8392  0.009942  0.004878  0.001324
   296/599      6.1G   0.01598  0.007966  0.001922   0.02586        46       640    0.6672    0.9997    0.9931    0.8584   0.00991  0.004788  0.001308
   297/599      6.1G   0.01634  0.007875  0.001988    0.0262        47       640    0.6875    0.9998    0.9952    0.8442  0.009738  0.004838   0.00128
   298/599      6.1G   0.01583  0.008145  0.001971   0.02595        38       640    0.6935         1    0.9952     0.847  0.009443  0.004812  0.001271
   299/599      6.1G   0.01551   0.00764  0.002047    0.0252        45       640    0.6973         1    0.9952    0.8626  0.009608  0.004848  0.001251
   300/599      6.1G   0.01602  0.007471  0.002022   0.02551        26       640    0.6883         1    0.9952    0.8722   0.01001  0.004906  0.001265
   301/599      6.1G   0.01708  0.008312  0.001888   0.02728        51       640     0.684         1    0.9952    0.8396  0.009948  0.004877  0.001304
   302/599      6.1G   0.01537  0.007414   0.00205   0.02483        47       640    0.6855         1    0.9952    0.8362  0.009735  0.004828  0.001274
   303/599      6.1G   0.01527  0.007488  0.002174   0.02493        44       640    0.7061         1    0.9952     0.867    0.0096  0.004784  0.001209
   304/599      6.1G   0.01689  0.007762  0.001978   0.02663        48       640    0.7125         1    0.9952    0.8711  0.009628  0.004847  0.001247
   305/599      6.1G   0.01443  0.007458   0.00195   0.02384        48       640     0.693         1    0.9952    0.8818  0.009359  0.004771  0.001247
   306/599      6.1G   0.01515  0.007657  0.001681   0.02449        37       640    0.6898         1    0.9952    0.8636   0.00963   0.00486  0.001452
   307/599      6.1G   0.01571  0.007606  0.001538   0.02486        63       640    0.6875         1    0.9952    0.8376  0.009516  0.004797  0.001253
   308/599      6.1G   0.01592  0.007479  0.002082   0.02548        23       640    0.6891         1    0.9952     0.877  0.009375  0.004814  0.001223
   309/599      6.1G   0.01552  0.007458  0.001956   0.02493        50       640    0.7015         1    0.9952    0.8946  0.009264   0.00478  0.001229
   310/599      6.1G   0.01487  0.007252  0.001893   0.02401        46       640    0.7094         1    0.9952    0.8809  0.009234  0.004782  0.001219
   311/599      6.1G   0.01548  0.007482   0.00237   0.02533        47       640    0.7288         1    0.9953    0.8771  0.009072  0.004781   0.00122
   312/599      6.1G   0.01653  0.007844  0.001753   0.02612        30       640    0.7129         1    0.9952    0.8658  0.009381  0.004853   0.00123
   313/599      6.1G   0.01576   0.00754  0.002015   0.02532        37       640    0.7063         1    0.9952    0.8866  0.009078  0.004742  0.001225
   314/599      6.1G   0.01488  0.007215  0.001947   0.02404        38       640    0.7064         1    0.9952    0.8777  0.009158  0.004645  0.001215
   315/599      6.1G   0.01536  0.007551  0.002049   0.02496        48       640    0.7125         1    0.9952    0.8881  0.009155    0.0047  0.001222
   316/599      6.1G   0.01565  0.007767  0.001785    0.0252        54       640    0.7308         1    0.9952    0.8709   0.00893  0.004619  0.001228
   317/599      6.1G   0.01475  0.007514  0.001876   0.02414        47       640     0.726         1    0.9952    0.8943  0.008942  0.004602  0.001197
   318/599      6.1G   0.01453  0.007516  0.001719   0.02376        31       640    0.7217         1    0.9953    0.8968  0.008908  0.004563  0.001162
   319/599      6.1G   0.01484  0.007221   0.00174    0.0238        44       640    0.7132         1    0.9953    0.8999  0.008771  0.004533  0.001131
   320/599      6.1G   0.01603  0.007405  0.001669    0.0251        53       640     0.684         1    0.9952    0.8638  0.009029  0.004576  0.001148
   321/599      6.1G   0.01622  0.007402  0.001739   0.02536        40       640    0.6835         1    0.9917    0.8853   0.00926  0.004683  0.001201
   322/599      6.1G   0.01428  0.007624  0.001781   0.02368        33       640    0.6854         1    0.9867    0.8469  0.009013  0.004586  0.001211
   323/599      6.1G   0.01476  0.007253  0.002017   0.02403        44       640    0.7082         1    0.9932      0.88  0.008883  0.004559  0.001182
   324/599      6.1G   0.01503  0.007357  0.001797   0.02418        49       640    0.7207    0.9998    0.9952    0.8506  0.008784  0.004558  0.001188
   325/599      6.1G   0.01519  0.007564  0.001771   0.02453        58       640    0.7208    0.9998    0.9952    0.8587  0.008863  0.004548  0.001186
   326/599      6.1G   0.01502  0.007895  0.001554   0.02447        44       640    0.7151         1    0.9953     0.883  0.008773  0.004492  0.001182
   327/599      6.1G   0.01526  0.007612  0.001718   0.02459        44       640     0.718         1    0.9953    0.8827  0.008794  0.004466  0.001155
   328/599      6.1G   0.01545  0.007666  0.001754   0.02487        43       640    0.7238         1    0.9952     0.875  0.008962  0.004476  0.001138
   329/599      6.1G   0.01441  0.006866   0.00176   0.02303        39       640    0.7251         1    0.9952    0.8825  0.008752  0.004472   0.00112
   330/599      6.1G   0.01543   0.00711  0.001859    0.0244        29       640    0.7204         1    0.9952    0.8869  0.009019   0.00455  0.001125
   331/599      6.1G   0.01518  0.007552  0.001471   0.02421        49       640    0.7164         1    0.9952    0.9063  0.008929  0.004592  0.001163
   332/599      6.1G   0.01555  0.007762   0.00171   0.02502        40       640    0.7139         1    0.9952    0.8982  0.009054  0.004618  0.001183
   333/599      6.1G   0.01421  0.007141  0.001665   0.02302        41       640    0.7188         1    0.9952    0.9009  0.008881  0.004532  0.001144
   334/599      6.1G   0.01488  0.007413  0.001941   0.02424        57       640    0.7243         1    0.9952    0.9047  0.008694  0.004459  0.001126
   335/599      6.1G   0.01435  0.007102  0.001854    0.0233        39       640    0.7102         1    0.9953    0.8857  0.008648  0.004403  0.001133
   336/599      6.1G   0.01507    0.0076  0.001546   0.02422        71       640    0.7097         1    0.9953    0.8858  0.008739  0.004431  0.001136
   337/599      6.1G   0.01521  0.007508  0.001756   0.02447        52       640    0.7114         1    0.9952    0.8921  0.008855  0.004505   0.00113
   338/599      6.1G    0.0146  0.007517  0.001695   0.02382        55       640    0.7086         1    0.9952    0.8936  0.008763  0.004498  0.001128
   339/599      6.1G     0.015  0.007462  0.001582   0.02404        56       640    0.7186         1    0.9952     0.881  0.008964  0.004546  0.001116
   340/599      6.1G   0.01516  0.007116  0.001649   0.02392        47       640    0.7045         1    0.9901    0.8628  0.008859  0.004552  0.001134
   341/599      6.1G   0.01398  0.007247   0.00203   0.02326        35       640    0.7205         1    0.9953    0.8841  0.008588  0.004479  0.001125
   342/599      6.1G   0.01459  0.007153  0.001604   0.02335        50       640    0.7217         1    0.9953    0.8924  0.008628  0.004477  0.001107
   343/599      6.1G   0.01428  0.007261  0.001796   0.02334        54       640     0.717         1    0.9952     0.907  0.008416  0.004443  0.001092
   344/599      6.1G   0.01378  0.006875  0.001729   0.02239        45       640     0.716         1    0.9952    0.9176  0.008437  0.004451  0.001074
   345/599      6.1G   0.01435  0.007071  0.001935   0.02335        28       640    0.7146         1    0.9952    0.9026  0.008472  0.004367  0.001076
   346/599      6.1G   0.01453  0.007032   0.00183   0.02339        31       640    0.7154         1    0.9952    0.8948  0.008375  0.004273  0.001087
   347/599      6.1G   0.01501  0.007565  0.001749   0.02432        51       640    0.7156         1    0.9952    0.8739   0.00863  0.004336  0.001109
   348/599      6.1G   0.01485  0.007132  0.001988   0.02397        39       640    0.7019         1    0.9952    0.8667  0.008474  0.004381  0.001133
   349/599      6.1G   0.01511  0.006788  0.001573   0.02347        39       640    0.7018         1    0.9952     0.875  0.008687  0.004418  0.001118
   350/599      6.1G   0.01428  0.006958  0.001799   0.02304        44       640    0.7061         1    0.9952    0.8705  0.008348  0.004369  0.001134
   351/599      6.1G   0.01447  0.006998  0.001847   0.02332        32       640    0.7078         1    0.9952    0.8631  0.008435  0.004359  0.001129
   352/599      6.1G   0.01485  0.007234  0.001609   0.02369        47       640    0.7255         1    0.9952    0.8812  0.008452   0.00443  0.001107
   353/599      6.1G    0.0152  0.007132  0.001539   0.02387        45       640    0.7207         1    0.9952    0.8705  0.008309  0.004442  0.001106
   354/599      6.1G   0.01371  0.007298  0.001587    0.0226        36       640     0.723         1    0.9952    0.8946  0.008126  0.004345  0.001091
   355/599      6.1G   0.01466  0.007257  0.001609   0.02353        35       640    0.7331         1    0.9952    0.9137  0.008421  0.004394  0.001055
   356/599      6.1G   0.01359  0.007064   0.00145   0.02211        45       640    0.7405         1    0.9952    0.8941  0.008264  0.004326   0.00103
   357/599      6.1G   0.01432  0.007258  0.001368   0.02294        50       640    0.7331         1    0.9952    0.8984  0.008351  0.004373  0.001033
   358/599      6.1G   0.01331  0.007045  0.001451   0.02181        48       640    0.7412         1    0.9953    0.9005  0.008116  0.004273  0.001025
   359/599      6.1G     0.014  0.006718   0.00164   0.02236        44       640    0.7272         1    0.9953    0.8997  0.008335  0.004251  0.001002
   360/599      6.1G   0.01452  0.007028  0.001441   0.02298        45       640    0.7202         1    0.9953    0.8962  0.008318   0.00426  0.001006
   361/599      6.1G    0.0142  0.007219  0.001487    0.0229        46       640    0.7155         1    0.9953    0.8833  0.008507   0.00431  0.001028
   362/599      6.1G   0.01312  0.006963  0.001607   0.02169        48       640    0.7077         1    0.9953    0.9033  0.008256  0.004258  0.001049
   363/599      6.1G   0.01324  0.007015  0.001489   0.02174        37       640    0.7244         1    0.9952    0.8982  0.007962   0.00422  0.001053
   364/599      6.1G   0.01355  0.007198  0.001459    0.0222        44       640     0.733         1    0.9952    0.8978  0.008194  0.004259  0.001034
   365/599      6.1G   0.01461  0.007176  0.001582   0.02337        45       640    0.7351         1    0.9952    0.9185   0.00812  0.004197  0.001027
   366/599      6.1G   0.01434  0.007145  0.001429   0.02292        54       640    0.7347         1    0.9952    0.8965  0.008118  0.004172  0.001024
   367/599      6.1G   0.01427  0.007354  0.001419   0.02305        38       640    0.7282         1    0.9952    0.8995  0.008246  0.004191  0.001015
   368/599      6.1G    0.0146  0.007218  0.001422   0.02324        31       640    0.7332         1    0.9952    0.8934  0.008244  0.004259  0.001029
   369/599      6.1G   0.01332  0.006664  0.001531   0.02151        44       640    0.7352         1    0.9952    0.9008  0.008021  0.004226  0.001025
   370/599      6.1G   0.01324  0.007024  0.001285   0.02155        55       640    0.7429         1    0.9952    0.8853  0.008125  0.004221  0.001005
   371/599      6.1G   0.01423  0.007302  0.001366    0.0229        33       640    0.7464         1    0.9952    0.8879   0.00806  0.004146 0.0009966
   372/599      6.1G   0.01372  0.006705  0.001415   0.02184        29       640    0.7238         1    0.9952    0.8738  0.007994  0.004122  0.001002
   373/599      6.1G   0.01418  0.007186   0.00146   0.02282        46       640    0.7166         1    0.9952    0.9077  0.007868  0.004076  0.001021
   374/599      6.1G   0.01315  0.006825  0.001323    0.0213        38       640    0.7291         1    0.9952    0.9053   0.00779  0.004069   0.00102
   375/599      6.1G   0.01352  0.006666  0.001345   0.02153        39       640    0.7323         1    0.9952    0.9043  0.008042  0.004058   0.00101
   376/599      6.1G   0.01411  0.006903  0.001349   0.02236        42       640    0.7416         1    0.9953    0.9053  0.008062  0.004095  0.001012
   377/599      6.1G   0.01342  0.006845  0.001531    0.0218        42       640    0.7428         1    0.9952    0.9067  0.007877  0.004074  0.001002
   378/599      6.1G   0.01305   0.00693  0.001393   0.02138        36       640    0.7417         1    0.9952    0.8916  0.007785  0.004029 0.0009846
   379/599      6.1G    0.0137  0.006939  0.001429   0.02207        30       640    0.7419         1    0.9952     0.917   0.00794  0.004084 0.0009666
   380/599      6.1G   0.01299  0.006733  0.001534   0.02126        36       640    0.7408         1    0.9952    0.8873  0.007932    0.0041 0.0009563
   381/599      6.1G   0.01298   0.00661  0.001472   0.02106        57       640      0.74         1    0.9952    0.9052  0.007872  0.004148 0.0009458
   382/599      6.1G   0.01319    0.0069  0.001307    0.0214        43       640     0.744         1    0.9953    0.9214  0.007904  0.004144 0.0009516
   383/599      6.1G   0.01434  0.006673   0.00144   0.02245        37       640    0.7424         1    0.9953    0.9279  0.007942  0.004115 0.0009784
   384/599      6.1G   0.01328  0.007186  0.001458   0.02192        59       640    0.7338         1    0.9952    0.9209  0.007776  0.004102  0.001011
   385/599      6.1G   0.01308  0.007148  0.001488   0.02171        45       640    0.7328         1    0.9952    0.9273  0.007665  0.004117 0.0009948
   386/599      6.1G   0.01281  0.006639  0.001817   0.02127        48       640    0.7333         1    0.9952     0.924   0.00768  0.004118 0.0009699
   387/599      6.1G   0.01278  0.006391  0.001698   0.02087        44       640    0.7358         1    0.9952     0.919  0.007626  0.004128 0.0009583
   388/599      6.1G   0.01337  0.006683  0.001366   0.02141        33       640    0.7352         1    0.9952    0.9154  0.007748  0.004172 0.0009472
   389/599      6.1G   0.01306   0.00698  0.001444   0.02149        59       640    0.7356         1    0.9952    0.9285   0.00758  0.004084 0.0009416
   390/599      6.1G   0.01305  0.006555  0.001473   0.02108        51       640    0.7359         1    0.9953    0.9299  0.007632  0.004092 0.0009353
   391/599      6.1G   0.01301  0.006652   0.00124    0.0209        44       640    0.7382         1    0.9953    0.9277  0.007638   0.00402  0.000928
   392/599      6.1G   0.01284     0.007  0.001275   0.02112        48       640    0.7387         1    0.9953     0.926  0.007643  0.004001 0.0009142
   393/599      6.1G   0.01372  0.006494  0.001296   0.02151        35       640     0.737         1    0.9953    0.8971  0.007618  0.004011 0.0009199
   394/599      6.1G   0.01276  0.006586  0.001422   0.02076        37       640    0.7334         1    0.9952    0.8918  0.007673  0.004025 0.0009231
   395/599      6.1G   0.01317  0.006992  0.001236    0.0214        42       640    0.7332         1    0.9952    0.9059  0.007674  0.003978   0.00091
   396/599      6.1G   0.01297   0.00671  0.001347   0.02103        41       640    0.7353         1    0.9953    0.9062  0.007735  0.004009 0.0009176
   397/599      6.1G   0.01226  0.006653  0.001262   0.02018        48       640    0.7385         1    0.9953    0.9241  0.007472  0.003956 0.0009126
   398/599      6.1G    0.0121  0.006446  0.001273   0.01982        47       640    0.7381         1    0.9952    0.9247  0.007476  0.003945  0.000888
   399/599      6.1G   0.01268  0.006677  0.001326   0.02068        40       640    0.7165         1    0.9952    0.9123  0.007584  0.004009 0.0008742
   400/599      6.1G   0.01297  0.006481  0.001419   0.02087        36       640    0.7141         1    0.9952    0.9069  0.007617  0.004035 0.0008795
   401/599      6.1G   0.01229  0.006665  0.001265   0.02022        54       640    0.7158         1    0.9952    0.9072  0.007425  0.003996 0.0008749
   402/599      6.1G   0.01326   0.00668  0.001324   0.02126        39       640    0.7236         1    0.9952    0.9127  0.007439  0.003993 0.0008727
   403/599      6.1G   0.01275  0.006748  0.001447   0.02095        33       640    0.7253         1    0.9952    0.9227  0.007538  0.003987  0.000873
   404/599      6.1G   0.01301  0.006591   0.00114   0.02075        47       640    0.7371         1    0.9953    0.9208  0.007569  0.003976 0.0008771
   405/599      6.1G   0.01245  0.006819  0.001464   0.02073        39       640    0.7394         1    0.9953    0.9201  0.007383  0.003939 0.0008723
   406/599      6.1G   0.01217  0.006426  0.001388   0.01998        41       640     0.739         1    0.9953    0.9186  0.007254  0.003925 0.0008632
   407/599      6.1G   0.01282   0.00663  0.001355    0.0208        34       640    0.7202         1    0.9952    0.9226  0.007276  0.003934 0.0008606
   408/599      6.1G   0.01344  0.006923  0.001373   0.02174        56       640    0.7068         1    0.9952    0.9049  0.007424  0.003975  0.000888
   409/599      6.1G   0.01273   0.00635   0.00126   0.02034        29       640    0.7377         1    0.9952    0.8989  0.007393  0.003965 0.0008952
   410/599      6.1G   0.01337  0.006741  0.001353   0.02147        52       640    0.7457         1    0.9953    0.8911  0.007378  0.003984 0.0008925
   411/599      6.1G    0.0127  0.006655  0.001255   0.02061        41       640    0.7467         1    0.9952    0.8877  0.007264   0.00399 0.0009005
   412/599      6.1G   0.01256  0.006512  0.001517   0.02058        51       640    0.7466         1    0.9952    0.9265  0.007343  0.004028 0.0008985
   413/599      6.1G   0.01223  0.006565  0.001188   0.01998        49       640    0.7405         1    0.9952    0.9127  0.007256  0.003981 0.0008743
   414/599      6.1G   0.01202  0.006669  0.001361   0.02005        23       640    0.7364         1    0.9952    0.9131  0.007208  0.003943 0.0008454
   415/599      6.1G   0.01221   0.00647  0.001246   0.01992        45       640    0.7271         1    0.9952    0.9108   0.00722  0.003913 0.0008257
   416/599      6.1G   0.01258  0.006613  0.001367   0.02056        39       640     0.724         1    0.9953    0.9345  0.007296  0.003894 0.0008281
   417/599      6.1G   0.01244  0.006722  0.001242    0.0204        44       640    0.7258         1    0.9953    0.9228  0.007346  0.003944 0.0008445
   418/599      6.1G   0.01261  0.006457  0.001201   0.02027        49       640    0.7413         1    0.9953    0.9153   0.00741  0.004043 0.0008646
   419/599      6.1G   0.01179   0.00658  0.001259   0.01963        58       640    0.7425         1    0.9953    0.9169  0.007425   0.00404 0.0008623
   420/599      6.1G   0.01187  0.006303  0.001123    0.0193        37       640    0.7263         1    0.9953    0.9201  0.007305  0.003929 0.0008413
   421/599      6.1G   0.01258  0.006206   0.00119   0.01998        21       640    0.7264         1    0.9952    0.9189  0.007173  0.003901 0.0008357
   422/599      6.1G   0.01159   0.00611  0.001292   0.01899        47       640    0.7233         1    0.9932    0.9008  0.007281  0.003905 0.0008386
   423/599      6.1G   0.01222  0.006543  0.001245   0.02001        49       640    0.7296         1    0.9953    0.9092  0.007417   0.00394 0.0008316
   424/599      6.1G   0.01276   0.00678  0.001103   0.02065        40       640    0.7396         1    0.9953    0.9378  0.007265  0.003916 0.0008388
   425/599      6.1G   0.01152  0.006502  0.001172    0.0192        28       640    0.7415         1    0.9953    0.9176  0.007057  0.003891 0.0008461
   426/599      6.1G   0.01208  0.006482  0.001163   0.01972        48       640    0.7403         1    0.9953    0.9214  0.006994  0.003835 0.0008286
   427/599      6.1G    0.0123  0.006548  0.001045   0.01989        45       640     0.743         1    0.9953    0.9228   0.00698   0.00382 0.0008108
   428/599      6.1G   0.01301  0.006171   0.00122    0.0204        43       640    0.7401         1    0.9953    0.9073  0.007182  0.003904 0.0008188
   429/599      6.1G   0.01154  0.006108  0.001347     0.019        54       640    0.7372         1    0.9953    0.9384  0.007024  0.003888 0.0008218
   430/599      6.1G    0.0117  0.006073  0.001186   0.01896        46       640    0.7362         1    0.9953    0.9082  0.007038  0.003853  0.000818
   431/599      6.1G   0.01218  0.006108  0.001284   0.01958        46       640     0.728         1    0.9953    0.9173  0.007092  0.003852 0.0008188
   432/599      6.1G     0.012  0.006311   0.00102   0.01933        40       640    0.7224         1    0.9953    0.9082  0.006995  0.003839 0.0008261
   433/599      6.1G   0.01197  0.006423  0.001296   0.01969        39       640    0.7233         1    0.9953    0.9184  0.006894  0.003836 0.0008258
   434/599      6.1G   0.01151  0.006078    0.0012   0.01879        32       640    0.7216         1    0.9953    0.9233  0.006859  0.003807 0.0008158
   435/599      6.1G   0.01162  0.006177   0.00105   0.01884        41       640    0.7204         1    0.9953    0.9177  0.006825  0.003783 0.0008086
   436/599      6.1G   0.01201  0.006163  0.001267   0.01944        40       640    0.7197         1    0.9953    0.9046  0.006855  0.003772 0.0008053
   437/599      6.1G   0.01155  0.006403  0.001223   0.01917        60       640    0.7264         1    0.9953     0.914  0.006769  0.003737 0.0008008
   438/599      6.1G   0.01153  0.005949  0.001083   0.01857        35       640    0.7444         1    0.9953    0.9203   0.00678  0.003731 0.0007912
   439/599      6.1G   0.01127   0.00607  0.001071   0.01841        34       640    0.7446         1    0.9953    0.9146   0.00669  0.003785 0.0007818
   440/599      6.1G   0.01124  0.005712  0.001044   0.01799        38       640    0.7423         1    0.9953    0.9046  0.006746  0.003752 0.0007685
   441/599      6.1G   0.01208  0.006358  0.001148   0.01958        45       640    0.7457         1    0.9953     0.919  0.006712  0.003694 0.0007667
   442/599      6.1G   0.01147  0.006512  0.001249   0.01924        38       640    0.7457         1    0.9953    0.9208  0.006838  0.003704 0.0007608
   443/599      6.1G   0.01247  0.006547  0.001114   0.02013        46       640    0.7424         1    0.9953    0.9279   0.00685  0.003722 0.0007652
   444/599      6.1G   0.01231  0.006479  0.001045   0.01983        52       640    0.7312         1    0.9953    0.9359  0.006861  0.003762 0.0007862
   445/599      6.1G   0.01094  0.006069   0.00117   0.01818        24       640    0.7481         1    0.9953    0.9187  0.006777  0.003701 0.0007959
   446/599      6.1G   0.01152  0.006114  0.001269    0.0189        44       640      0.75         1    0.9953    0.9278   0.00676  0.003662 0.0007874
   447/599      6.1G   0.01167  0.006297  0.001137    0.0191        44       640    0.7504         1    0.9953    0.9205  0.006763  0.003666 0.0007761
   448/599      6.1G   0.01208  0.006382  0.001178   0.01964        43       640    0.7477         1    0.9953    0.9144  0.006789  0.003685 0.0007835
   449/599      6.1G   0.01211  0.006454  0.001124   0.01969        45       640    0.7461         1    0.9953     0.934  0.006802    0.0037 0.0007985
   450/599      6.1G   0.01157  0.006195  0.001313   0.01908        44       640     0.748         1    0.9953    0.9417  0.006728  0.003709 0.0008012
   451/599      6.1G   0.01137  0.006426  0.001114   0.01891        52       640    0.7499         1    0.9953    0.9358  0.006663  0.003687 0.0007915
   452/599      6.1G   0.01198  0.006378   0.00119   0.01954        55       640    0.7474         1    0.9953     0.921  0.006723  0.003684 0.0007773
   453/599      6.1G   0.01162  0.006007  0.001118   0.01874        37       640    0.7466         1    0.9953    0.9442  0.006661  0.003674 0.0007666
   454/599      6.1G   0.01144   0.00628  0.001083   0.01881        45       640    0.7462         1    0.9953    0.9435  0.006684  0.003642 0.0007566
   455/599      6.1G   0.01121  0.005625  0.001108   0.01794        49       640    0.7458         1    0.9953     0.928  0.006658  0.003632 0.0007525
   456/599      6.1G   0.01136  0.006092 0.0009294   0.01838        65       640    0.7471         1    0.9953    0.9357  0.006669  0.003641 0.0007502
   457/599      6.1G   0.01117  0.006308  0.001099   0.01858        40       640    0.7484         1    0.9953    0.9577  0.006541  0.003614 0.0007458
   458/599      6.1G   0.01144   0.00612  0.001234   0.01879        56       640    0.7479         1    0.9953    0.9476  0.006506  0.003599 0.0007414
   459/599      6.1G    0.0113  0.006404 0.0009523   0.01865        42       640    0.7316         1    0.9953    0.9385  0.006525    0.0036 0.0007373
   460/599      6.1G   0.01191  0.006076  0.001152   0.01914        46       640    0.7481         1    0.9953    0.9416  0.006564   0.00364 0.0007414
   461/599      6.1G   0.01123  0.005992  0.001062   0.01828        30       640    0.7497         1    0.9953    0.9393  0.006477  0.003615 0.0007395
   462/599      6.1G   0.01089  0.005898  0.000907    0.0177        48       640    0.7514         1    0.9953    0.9369  0.006494  0.003603 0.0007308
   463/599      6.1G   0.01042  0.005769  0.001069   0.01726        22       640    0.7523         1    0.9953    0.9329  0.006508  0.003554 0.0007215
   464/599      6.1G   0.01174  0.006183 0.0009567   0.01887        36       640    0.7519         1    0.9953    0.9352  0.006545   0.00354 0.0007108
   465/599      6.1G   0.01182   0.00637  0.001018   0.01921        50       640     0.752         1    0.9953     0.912  0.006506  0.003552 0.0007166
   466/599      6.1G   0.01062  0.005878  0.001043   0.01754        39       640    0.7503         1    0.9953    0.9046  0.006462   0.00352 0.0007268
   467/599      6.1G   0.01071  0.005797  0.001202   0.01771        34       640    0.7501         1    0.9953    0.9164  0.006454  0.003558 0.0007243
   468/599      6.1G   0.01066  0.005783 0.0008481   0.01729        33       640    0.7499         1    0.9953    0.9308   0.00646  0.003573  0.000716
   469/599      6.1G    0.0111  0.006225  0.001026   0.01835        68       640    0.7495         1    0.9953     0.951  0.006475  0.003584 0.0007124
   470/599      6.1G   0.01059  0.005888  0.001018    0.0175        42       640    0.7426         1    0.9953    0.9206  0.006514  0.003618 0.0007014
   471/599      6.1G   0.01109  0.005532  0.001028   0.01765        33       640    0.7419         1    0.9953    0.9271   0.00656  0.003597 0.0006889
   472/599      6.1G   0.01094    0.0059 0.0009397   0.01778        43       640    0.7409         1    0.9953      0.94  0.006487  0.003552 0.0006837
   473/599      6.1G    0.0116  0.006328  0.000932   0.01886        20       640    0.7383         1    0.9953    0.9501  0.006407  0.003529 0.0006825
   474/599      6.1G   0.01065  0.005669  0.001036   0.01735        53       640    0.7366         1    0.9953    0.9472  0.006467  0.003554 0.0006815
   475/599      6.1G   0.01086  0.005781 0.0008506   0.01749        41       640    0.7354         1    0.9953    0.9379  0.006398  0.003542 0.0006809
   476/599      6.1G   0.01158  0.006247  0.001019   0.01885        57       640    0.7343         1    0.9953    0.9481  0.006328  0.003539 0.0006839
   477/599      6.1G    0.0111  0.005973 0.0008199   0.01789        33       640    0.7408         1    0.9953    0.9335  0.006325  0.003546 0.0006895
   478/599      6.1G   0.01109  0.006518 0.0009617   0.01857        41       640    0.7427         1    0.9953    0.9418  0.006287  0.003523 0.0006926
   479/599      6.1G   0.01126  0.005923   0.00106   0.01825        31       640    0.7472         1    0.9953     0.941  0.006325  0.003532 0.0006925
   480/599      6.1G   0.01066  0.005929 0.0009689   0.01755        45       640    0.7506         1    0.9953     0.934  0.006232  0.003511 0.0006907
   481/599      6.1G   0.01091  0.005718 0.0008023   0.01743        32       640    0.7519         1    0.9953    0.9406  0.006221  0.003442  0.000683
   482/599      6.1G   0.01095   0.00591 0.0009927   0.01785        42       640    0.7527         1    0.9953    0.9371  0.006186  0.003394 0.0006766
   483/599      6.1G   0.01066  0.005992 0.0009287   0.01758        32       640    0.7529         1    0.9953    0.9393   0.00622  0.003363 0.0006677
   484/599      6.1G   0.01067  0.005872  0.001058    0.0176        51       640    0.7509         1    0.9953    0.9615  0.006268  0.003367 0.0006619
   485/599      6.1G   0.01082  0.006067  0.001133   0.01802        39       640    0.7487         1    0.9953    0.9531   0.00622  0.003384 0.0006621
   486/599      6.1G   0.01073  0.006044  0.000837   0.01761        30       640    0.7477         1    0.9953     0.948  0.006157  0.003378 0.0006621
   487/599      6.1G   0.01033  0.005644 0.0008884   0.01687        28       640    0.7477         1    0.9953    0.9449  0.006114  0.003387 0.0006621
   488/599      6.1G   0.01009  0.005765  0.001035   0.01689        41       640    0.7489         1    0.9953    0.9514  0.006114  0.003393 0.0006562
   489/599      6.1G   0.01063  0.005702 0.0009788   0.01731        40       640    0.7499         1    0.9953    0.9309  0.006139  0.003393 0.0006494
   490/599      6.1G   0.01038  0.005812 0.0009527   0.01715        43       640    0.7497         1    0.9953    0.9182  0.006187   0.00341 0.0006487
   491/599      6.1G   0.01088  0.005783  0.001001   0.01767        39       640    0.7496         1    0.9953    0.9403  0.006189  0.003442  0.000652
   492/599      6.1G   0.01055  0.005701 0.0009869   0.01723        41       640    0.7462         1    0.9953    0.9342  0.006251  0.003438 0.0006568
   493/599      6.1G   0.01024  0.005556  0.000903    0.0167        38       640    0.7464         1    0.9953    0.9517  0.006189  0.003433 0.0006575
   494/599      6.1G   0.01075  0.005947  0.001024   0.01772        37       640    0.7504         1    0.9953    0.9474   0.00624  0.003419 0.0006527
   495/599      6.1G    0.0108  0.005804 0.0008657   0.01747        52       640    0.7498         1    0.9953     0.945  0.006212  0.003405 0.0006499
   496/599      6.1G   0.01089  0.005818 0.0008244   0.01753        36       640    0.7494         1    0.9953    0.9357  0.006154  0.003377 0.0006534
   497/599      6.1G   0.01024  0.005776 0.0009535   0.01697        37       640    0.7499         1    0.9953    0.9459  0.006053  0.003362 0.0006564
   498/599      6.1G   0.01024  0.005387 0.0008136   0.01644        31       640    0.7516         1    0.9953    0.9537  0.006019  0.003356 0.0006525
   499/599      6.1G   0.01114  0.005818  0.001044     0.018        32       640    0.7525         1    0.9953    0.9459  0.006056  0.003365 0.0006487
   500/599      6.1G   0.01049  0.005439 0.0009102   0.01683        31       640    0.7529         1    0.9953     0.954  0.006044  0.003386 0.0006517
   501/599      6.1G   0.01076  0.005847 0.0008962   0.01751        48       640     0.753         1    0.9953    0.9589  0.006063   0.00339 0.0006509
   502/599      6.1G   0.01045  0.006034 0.0009408   0.01742        50       640    0.7537         1    0.9953    0.9517  0.006061  0.003425 0.0006474
   503/599      6.1G   0.01014  0.005729 0.0009064   0.01678        46       640    0.7546         1    0.9953    0.9458  0.006032   0.00343 0.0006405
   504/599      6.1G    0.0104   0.00604 0.0009594    0.0174        44       640    0.7535         1    0.9953    0.9385  0.006009  0.003405 0.0006331
   505/599      6.1G   0.01102  0.005773 0.0008252   0.01762        45       640    0.7529         1    0.9953    0.9573   0.00599  0.003383 0.0006302
   506/599      6.1G   0.01031  0.006209  0.001068   0.01759        36       640    0.7516         1    0.9953    0.9556  0.005992  0.003379 0.0006299
   507/599      6.1G   0.01016  0.005502 0.0009938   0.01666        35       640    0.7529         1    0.9953    0.9553  0.005962  0.003377 0.0006287
   508/599      6.1G   0.01038  0.005928  0.001127   0.01744        38       640    0.7522         1    0.9953    0.9609  0.006007   0.00338 0.0006263
   509/599      6.1G   0.01066  0.005813  0.000884   0.01736        50       640     0.753         1    0.9953    0.9668  0.006013  0.003364 0.0006255
   510/599      6.1G   0.01049  0.005634   0.00103   0.01715        46       640    0.7539         1    0.9953    0.9472   0.00599  0.003343 0.0006233
   511/599      6.1G  0.009769  0.005644 0.0008342   0.01625        52       640    0.7545         1    0.9953    0.9469  0.005952   0.00335 0.0006179
   512/599      6.1G    0.0107  0.006008 0.0008859    0.0176        63       640    0.7534         1    0.9953    0.9455  0.006064   0.00341 0.0006153
   513/599      6.1G   0.01014  0.005633 0.0009695   0.01674        47       640    0.7529         1    0.9953    0.9445  0.006043  0.003423 0.0006155
   514/599      6.1G   0.01058  0.005861  0.001012   0.01746        39       640    0.7523         1    0.9953    0.9565  0.006043  0.003387 0.0006122
   515/599      6.1G   0.01068  0.005457 0.0009175   0.01705        25       640    0.7523         1    0.9953    0.9513  0.005984  0.003388 0.0006148
   516/599      6.1G   0.01021  0.005456 0.0008623   0.01653        43       640    0.7519         1    0.9953    0.9455  0.006111  0.003415 0.0006231
   517/599      6.1G   0.01036  0.005632 0.0008181   0.01681        45       640    0.7544         1    0.9953    0.9325  0.006088  0.003407 0.0006273
   518/599      6.1G   0.01012  0.005856  0.000787   0.01677        45       640    0.7564         1    0.9953    0.9464  0.006016   0.00339 0.0006261
   519/599      6.1G   0.01026  0.005765 0.0009622   0.01699        39       640    0.7592         1    0.9953    0.9443  0.005956  0.003379 0.0006224
   520/599      6.1G   0.01025  0.005592  0.000769   0.01661        39       640    0.7632         1    0.9953    0.9478  0.005986   0.00342 0.0006231
   521/599      6.1G   0.01012  0.005431 0.0009703   0.01653        53       640    0.7609         1    0.9953    0.9457  0.005869  0.003391 0.0006184
   522/599      6.1G    0.0102  0.005572 0.0008405   0.01661        31       640     0.754         1    0.9953    0.9398  0.005924  0.003396 0.0006112
   523/599      6.1G   0.01008  0.005621 0.0008018    0.0165        40       640    0.7549         1    0.9932    0.9561   0.00592  0.003373 0.0006041
   524/599      6.1G   0.01058   0.00586 0.0007792   0.01722        43       640    0.7566         1    0.9932    0.9505  0.005882  0.003331 0.0006014
   525/599      6.1G  0.009605  0.005379 0.0008922   0.01588        37       640    0.7576         1    0.9932    0.9543  0.005854  0.003308 0.0005999
   526/599      6.1G  0.009763  0.005382  0.001103   0.01625        42       640    0.7578         1    0.9953    0.9561  0.005864  0.003309 0.0005936
   527/599      6.1G   0.01061  0.005951   0.00102   0.01758        41       640    0.7583         1    0.9953    0.9558  0.005892  0.003336 0.0005899
   528/599      6.1G  0.009917  0.005498 0.0007934   0.01621        37       640    0.7663         1    0.9953    0.9465  0.005919   0.00336 0.0005898
   529/599      6.1G    0.0102  0.005739 0.0009743   0.01691        22       640    0.7662         1    0.9953     0.941  0.005874   0.00335 0.0005905
   530/599      6.1G  0.009813  0.005706 0.0007068   0.01623        45       640    0.7659         1    0.9953    0.9512  0.005885  0.003342 0.0005882
   531/599      6.1G   0.01016  0.005556 0.0008071   0.01653        41       640     0.765         1    0.9953    0.9456  0.005898  0.003365 0.0005811
   532/599      6.1G   0.01014  0.005581   0.00087   0.01659        41       640    0.7637         1    0.9953    0.9482  0.005868   0.00332 0.0005771
   533/599      6.1G  0.009878  0.005765 0.0007299   0.01637        41       640    0.7629         1    0.9953    0.9584  0.005906  0.003304 0.0005765
   534/599      6.1G  0.009886   0.00562 0.0007981    0.0163        54       640    0.7626         1    0.9953    0.9517  0.005922  0.003318 0.0005773
   535/599      6.1G  0.009996  0.005538  0.001019   0.01655        40       640    0.7672         1    0.9953    0.9484  0.005874  0.003314  0.000577
   536/599      6.1G  0.009634  0.005224 0.0006943   0.01555        40       640    0.7672         1    0.9953    0.9487  0.005882  0.003336 0.0005756
   537/599      6.1G   0.01006  0.005632 0.0008947   0.01659        39       640    0.7653         1    0.9953    0.9455  0.005895  0.003337 0.0005726
   538/599      6.1G  0.009899  0.005188  0.001017    0.0161        37       640    0.7583         1    0.9953    0.9539  0.005893  0.003347 0.0005704
   539/599      6.1G   0.01011  0.005564 0.0007997   0.01647        39       640    0.7566         1    0.9953    0.9468  0.005856  0.003383   0.00057
   540/599      6.1G  0.009738  0.005758  0.000903    0.0164        57       640    0.7545         1    0.9953    0.9542  0.005794  0.003406 0.0005665
   541/599      6.1G  0.009597  0.005558 0.0007375   0.01589        41       640    0.7505         1    0.9953    0.9457  0.005759  0.003372 0.0005637
   542/599      6.1G   0.01016  0.005501 0.0008224   0.01648        57       640    0.7489         1    0.9953    0.9487  0.005763  0.003343 0.0005623
   543/599      6.1G  0.009647  0.005178 0.0007988   0.01562        44       640    0.7493         1    0.9953    0.9442  0.005714    0.0033 0.0005621
   544/599      6.1G   0.01005   0.00572 0.0007879   0.01656        39       640    0.7497         1    0.9953    0.9414  0.005726  0.003297 0.0005616
   545/599      6.1G      0.01  0.005664 0.0009025   0.01657        39       640    0.7503         1    0.9953    0.9428  0.005715   0.00327 0.0005625
   546/599      6.1G  0.009839  0.005494 0.0009035   0.01624        47       640    0.7519         1    0.9953    0.9359  0.005711  0.003256 0.0005628
   547/599      6.1G  0.009715  0.005399 0.0007782   0.01589        61       640    0.7604         1    0.9953     0.938  0.005729  0.003256 0.0005605
   548/599      6.1G    0.0107  0.005823 0.0007848   0.01731        48       640    0.7639         1    0.9953    0.9566  0.005769  0.003268 0.0005576
   549/599      6.1G   0.01009  0.005464 0.0008831   0.01644        42       640    0.7653         1    0.9953    0.9569   0.00574  0.003253 0.0005589
   550/599      6.1G    0.0102  0.005661 0.0009365    0.0168        47       640    0.7586         1    0.9953    0.9459  0.005792  0.003291 0.0005622
   551/599      6.1G  0.009439  0.005338 0.0007818   0.01556        44       640    0.7652         1    0.9953    0.9574  0.005798  0.003307 0.0005629
   552/599      6.1G  0.009822  0.005486 0.0008156   0.01612        38       640    0.7661         1    0.9953     0.949  0.005776  0.003293 0.0005584
   553/599      6.1G   0.01043  0.005552 0.0008286   0.01681        30       640    0.7655         1    0.9953    0.9453  0.005713  0.003268 0.0005539
   554/599      6.1G   0.00995  0.005421 0.0007238    0.0161        55       640    0.7655         1    0.9953    0.9523  0.005673  0.003259 0.0005557
   555/599      6.1G  0.009674  0.005323 0.0008115   0.01581        40       640    0.7646         1    0.9953    0.9518  0.005685  0.003248 0.0005567
   556/599      6.1G   0.00978  0.005579 0.0007923   0.01615        38       640    0.7654         1    0.9953    0.9665  0.005701  0.003269 0.0005547
   557/599      6.1G  0.009866  0.005662 0.0007873   0.01632        55       640    0.7673         1    0.9953    0.9574  0.005613   0.00326 0.0005508
   558/599      6.1G  0.009611  0.005139 0.0008749   0.01562        43       640    0.7682         1    0.9953    0.9419  0.005614  0.003259 0.0005464
   559/599      6.1G  0.009834  0.005178 0.0007783   0.01579        28       640    0.7676         1    0.9953    0.9346  0.005651  0.003244 0.0005452
   560/599      6.1G  0.009388  0.005219 0.0007507   0.01536        55       640    0.7674         1    0.9953    0.9372  0.005639  0.003231 0.0005464
   561/599      6.1G  0.009817  0.005649 0.0008207   0.01629        39       640    0.7683         1    0.9953    0.9372  0.005605  0.003216 0.0005444
   562/599      6.1G   0.00957  0.005338  0.000713   0.01562        30       640    0.7697         1    0.9953    0.9528  0.005672  0.003226 0.0005402
   563/599      6.1G   0.00941  0.005305 0.0007654   0.01548        50       640    0.7746         1    0.9953    0.9529  0.005646  0.003206 0.0005365
   564/599      6.1G   0.01009  0.005552 0.0006682   0.01631        46       640    0.7753         1    0.9953    0.9557  0.005645  0.003205 0.0005328
   565/599      6.1G  0.009748   0.00557 0.0007016   0.01602        49       640    0.7763         1    0.9953     0.957  0.005583  0.003211 0.0005321
   566/599      6.1G   0.01015  0.005583 0.0008889   0.01662        43       640    0.7776         1    0.9953    0.9562  0.005595  0.003194 0.0005319
   567/599      6.1G  0.009634  0.005462  0.000791   0.01589        54       640    0.7783         1    0.9953    0.9593  0.005526  0.003172 0.0005341
   568/599      6.1G  0.009351  0.004861 0.0007384   0.01495        36       640      0.78         1    0.9953    0.9598  0.005564   0.00319 0.0005356
   569/599      6.1G  0.009757  0.005487 0.0009159   0.01616        48       640    0.7808         1    0.9953    0.9498    0.0056  0.003223 0.0005357
   570/599      6.1G  0.009518  0.005397  0.000719   0.01563        32       640    0.7777         1    0.9953    0.9443  0.005561  0.003231 0.0005339
   571/599      6.1G  0.009561  0.005023 0.0008009   0.01538        43       640     0.776         1    0.9953     0.949   0.00559  0.003227 0.0005293
   572/599      6.1G   0.01001  0.005577 0.0008456   0.01644        40       640    0.7702         1    0.9953    0.9481  0.005587  0.003202 0.0005298
   573/599      6.1G  0.009355  0.005345   0.00101   0.01571        36       640     0.771         1    0.9953     0.953  0.005543  0.003185 0.0005345
   574/599      6.1G    0.0095  0.005266 0.0008013   0.01557        45       640    0.7704         1    0.9953    0.9556  0.005537   0.00318 0.0005368
   575/599      6.1G   0.00931  0.005398  0.000725   0.01543        45       640    0.7727         1    0.9953    0.9483  0.005502  0.003182 0.0005397
   576/599      6.1G   0.01015  0.005811 0.0007652   0.01673        37       640     0.771         1    0.9953    0.9579  0.005512  0.003179  0.000543
   577/599      6.1G  0.009538  0.005493 0.0007307   0.01576        37       640    0.7717         1    0.9953    0.9535  0.005507  0.003161 0.0005471
   578/599      6.1G  0.009604  0.005542 0.0007683   0.01591        39       640    0.7725         1    0.9953    0.9552  0.005503  0.003154  0.000546
   579/599      6.1G  0.009463  0.005467 0.0008944   0.01582        37       640    0.7719         1    0.9953    0.9644  0.005483  0.003172 0.0005421
   580/599      6.1G  0.009909  0.005594 0.0007968    0.0163        57       640    0.7711         1    0.9953    0.9581  0.005482  0.003195  0.000535
   581/599      6.1G  0.009027   0.00541 0.0007604    0.0152        38       640    0.7722         1    0.9953    0.9586  0.005475  0.003217 0.0005296
   582/599      6.1G  0.009601  0.005452 0.0007959   0.01585        38       640    0.7754         1    0.9953    0.9434  0.005524  0.003216 0.0005254
   583/599      6.1G   0.01013  0.005767 0.0006986   0.01659        63       640    0.7784         1    0.9953    0.9518  0.005534  0.003209 0.0005256
   584/599      6.1G  0.009355  0.005301 0.0008935   0.01555        38       640     0.778         1    0.9953    0.9319    0.0055  0.003201 0.0005289
   585/599      6.1G  0.009104  0.005082 0.0008452   0.01503        46       640    0.7782         1    0.9953    0.9405  0.005488  0.003164 0.0005272
   586/599      6.1G   0.00966  0.005362 0.0007667   0.01579        37       640    0.7797         1    0.9953    0.9456  0.005487  0.003148 0.0005218
   587/599      6.1G  0.009608  0.005313 0.0006913   0.01561        41       640    0.7772         1    0.9953    0.9578  0.005445  0.003138 0.0005167
   588/599      6.1G  0.009945  0.005377 0.0007254   0.01605        47       640    0.7758         1    0.9953    0.9551  0.005413  0.003169 0.0005149
   589/599      6.1G  0.009761  0.005794 0.0007729   0.01633        38       640    0.7752         1    0.9953    0.9677  0.005413  0.003184  0.000516
   590/599      6.1G  0.009537  0.005079 0.0007493   0.01537        43       640    0.7747         1    0.9953    0.9564   0.00541  0.003178 0.0005191
   591/599      6.1G  0.009433  0.005321 0.0007556   0.01551        37       640    0.7722         1    0.9953    0.9537  0.005423  0.003198 0.0005203
   592/599      6.1G   0.01005  0.005478 0.0007006   0.01623        37       640    0.7724         1    0.9953    0.9488  0.005461   0.00319 0.0005171
   593/599      6.1G   0.01012  0.005667 0.0007413   0.01653        44       640    0.7752         1    0.9953    0.9652  0.005524  0.003161 0.0005167
   594/599      6.1G  0.009361  0.005181 0.0007799   0.01532        45       640     0.778         1    0.9953    0.9507   0.00549  0.003124 0.0005208
   595/599      6.1G  0.009286  0.005453  0.000795   0.01553        44       640    0.7803         1    0.9953    0.9539  0.005434  0.003107 0.0005242
   596/599      6.1G  0.009545  0.005413 0.0007192   0.01568        50       640     0.782         1    0.9953    0.9514  0.005415   0.00313 0.0005264
   597/599      6.1G  0.009741   0.00537 0.0007211   0.01583        51       640    0.7822         1    0.9953    0.9597  0.005405  0.003126 0.0005261
   598/599      6.1G  0.009264  0.005291 0.0006674   0.01522        36       640    0.7823         1    0.9953    0.9503  0.005418  0.003116  0.000524
   599/599      6.1G  0.009546  0.005437 0.0006436   0.01563        41       640    0.7818         1    0.9953    0.9534   0.00546  0.003125 0.0005199
